        IDLE None None None ||   BLOCK 1 0 None ||   PATCH 7 None 7 ||   BLOCK 2 0 None ||   BLOCK 7 3 None ||   PATCH 4 None 4 ||   PATCH 6 None 6 ||                      States 
              -9.295               -6.19               -7.89                -2.1              -10.69               -5.39               -6.89        ||Comp Host: [0] ||Links: [(0, 1), (0, 2), (1, 0), (1, 2), (1, 3), (1, 4), (1, 5), (1, 6), (2, 0), (2, 1), (2, 3), (2, 4), (2, 5), (2, 6), (3, 1), (3, 2), (3, 7), (4, 1), (4, 2), (4, 7), (5, 1), (5, 2), (5, 7), (6, 1), (6, 2), (6, 7), (7, 3), (7, 4), (7, 5), (7, 6)] || VID:1 VID:2 VID:3 VID:4 VID:5 VID:6 VID:7 
             -10.732             -10.546             -12.167                 0.0             -14.774              -7.995              -8.137        ||Comp Host: [0, 2] ||Links: [(0, 1), (0, 2), (1, 0), (1, 2), (1, 3), (1, 4), (1, 5), (1, 6), (2, 0), (2, 1), (2, 3), (2, 4), (2, 5), (2, 6), (3, 1), (3, 2), (3, 7), (4, 1), (4, 2), (4, 7), (5, 1), (5, 2), (5, 7), (6, 1), (6, 2), (6, 7), (7, 3), (7, 4), (7, 5), (7, 6)] || VID:1 VID:2 VID:3 VID:4 VID:5 VID:6 VID:7 
               -8.36                 0.0              -7.862                -2.1             -10.659              -5.371              -6.822        ||Comp Host: [0] ||Links: [(0, 2), (1, 0), (1, 2), (1, 3), (1, 4), (1, 5), (1, 6), (2, 0), (2, 1), (2, 3), (2, 4), (2, 5), (2, 6), (3, 1), (3, 2), (3, 7), (4, 1), (4, 2), (4, 7), (5, 1), (5, 2), (5, 7), (6, 1), (6, 2), (6, 7), (7, 3), (7, 4), (7, 5), (7, 6)] || VID:1 VID:2 VID:3 VID:4 VID:5 VID:6 VID:7 
              -8.285              -6.109                 0.0                -2.1             -10.674              -5.353              -6.821        ||Comp Host: [0] ||Links: [(0, 1), (0, 2), (1, 0), (1, 2), (1, 3), (1, 4), (1, 5), (1, 6), (2, 0), (2, 1), (2, 3), (2, 4), (2, 5), (2, 6), (3, 1), (3, 2), (3, 7), (4, 1), (4, 2), (4, 7), (5, 1), (5, 2), (5, 7), (6, 1), (6, 2), (6, 7), (7, 3), (7, 4), (7, 5), (7, 6)] || VID:1 VID:2 VID:3 VID:4 VID:5 VID:6 
                 0.0                -4.3                -6.0                 0.0                -8.8                -3.5                -5.0        ||Comp Host: [0] ||Links: [(0, 1), (1, 0), (1, 2), (1, 3), (1, 4), (1, 5), (1, 6), (2, 0), (2, 1), (2, 3), (2, 4), (2, 5), (2, 6), (3, 1), (3, 2), (3, 7), (4, 1), (4, 2), (4, 7), (5, 1), (5, 2), (5, 7), (6, 1), (6, 2), (6, 7), (7, 3), (7, 4), (7, 5), (7, 6)] || VID:1 VID:2 VID:3 VID:4 VID:5 VID:6 VID:7 
              -8.068              -6.152              -7.871                -2.1                 0.0               -5.37              -6.824        ||Comp Host: [0] ||Links: [(0, 1), (0, 2), (1, 0), (1, 2), (1, 3), (1, 4), (1, 5), (1, 6), (2, 0), (2, 1), (2, 3), (2, 4), (2, 5), (2, 6), (3, 1), (3, 2), (4, 1), (4, 2), (4, 7), (5, 1), (5, 2), (5, 7), (6, 1), (6, 2), (6, 7), (7, 3), (7, 4), (7, 5), (7, 6)] || VID:1 VID:2 VID:3 VID:4 VID:5 VID:6 VID:7 
              -6.572              -6.162              -7.836                -2.1             -10.672                 0.0              -6.849        ||Comp Host: [0] ||Links: [(0, 1), (0, 2), (1, 0), (1, 2), (1, 3), (1, 4), (1, 5), (1, 6), (2, 0), (2, 1), (2, 3), (2, 4), (2, 5), (2, 6), (3, 1), (3, 2), (3, 7), (4, 1), (4, 2), (4, 7), (5, 1), (5, 2), (5, 7), (6, 1), (6, 2), (6, 7), (7, 3), (7, 4), (7, 5), (7, 6)] || VID:1 VID:2 VID:3 VID:5 VID:6 VID:7 
              -5.233              -6.156              -7.837                -2.1             -10.609              -5.322                 0.0        ||Comp Host: [0] ||Links: [(0, 1), (0, 2), (1, 0), (1, 2), (1, 3), (1, 4), (1, 5), (1, 6), (2, 0), (2, 1), (2, 3), (2, 4), (2, 5), (2, 6), (3, 1), (3, 2), (3, 7), (4, 1), (4, 2), (4, 7), (5, 1), (5, 2), (5, 7), (6, 1), (6, 2), (6, 7), (7, 3), (7, 4), (7, 5), (7, 6)] || VID:1 VID:2 VID:3 VID:4 VID:5 VID:7 
              -9.308              -8.096              -8.082                 0.0              -8.365                 0.0              -7.525        ||Comp Host: [0, 2, 4] ||Links: [(0, 1), (0, 2), (1, 0), (1, 2), (1, 3), (1, 4), (1, 5), (1, 6), (2, 0), (2, 1), (2, 3), (2, 4), (2, 5), (2, 6), (3, 1), (3, 2), (3, 7), (4, 1), (4, 2), (4, 7), (5, 1), (5, 2), (5, 7), (6, 1), (6, 2), (6, 7), (7, 3), (7, 4), (7, 5), (7, 6)] || VID:1 VID:2 VID:3 VID:4 VID:5 VID:6 VID:7 
              -8.594                 0.0              -9.781                 0.0             -12.055              -7.366               -7.46        ||Comp Host: [0, 2] ||Links: [(0, 2), (1, 0), (1, 2), (1, 3), (1, 4), (1, 5), (1, 6), (2, 0), (2, 1), (2, 3), (2, 4), (2, 5), (2, 6), (3, 1), (3, 2), (3, 7), (4, 1), (4, 2), (4, 7), (5, 1), (5, 2), (5, 7), (6, 1), (6, 2), (6, 7), (7, 3), (7, 4), (7, 5), (7, 6)] || VID:1 VID:2 VID:3 VID:4 VID:5 VID:6 VID:7 
              -7.469              -8.794                 0.0                 0.0             -12.295              -7.314              -7.231        ||Comp Host: [0, 2] ||Links: [(0, 1), (0, 2), (1, 0), (1, 2), (1, 3), (1, 4), (1, 5), (1, 6), (2, 0), (2, 1), (2, 3), (2, 4), (2, 5), (2, 6), (3, 1), (3, 2), (3, 7), (4, 1), (4, 2), (4, 7), (5, 1), (5, 2), (5, 7), (6, 1), (6, 2), (6, 7), (7, 3), (7, 4), (7, 5), (7, 6)] || VID:1 VID:2 VID:3 VID:4 VID:5 VID:6 
              -7.542              -7.491              -8.366                 0.0                 0.0              -7.397              -7.516        ||Comp Host: [0, 2] ||Links: [(0, 1), (0, 2), (1, 0), (1, 2), (1, 3), (1, 4), (1, 5), (1, 6), (2, 0), (2, 1), (2, 3), (2, 4), (2, 5), (2, 6), (3, 1), (3, 2), (4, 1), (4, 2), (4, 7), (5, 1), (5, 2), (5, 7), (6, 1), (6, 2), (6, 7), (7, 3), (7, 4), (7, 5), (7, 6)] || VID:1 VID:2 VID:3 VID:4 VID:5 VID:6 VID:7 
             -11.222              -8.261              -9.669                 0.0             -12.561                 0.0              -4.997        ||Comp Host: [0, 2] ||Links: [(0, 1), (0, 2), (1, 0), (1, 2), (1, 3), (1, 4), (1, 5), (1, 6), (2, 0), (2, 1), (2, 3), (2, 4), (2, 5), (2, 6), (3, 1), (3, 2), (3, 7), (4, 1), (4, 2), (4, 7), (5, 1), (5, 2), (5, 7), (6, 1), (6, 2), (6, 7), (7, 3), (7, 4), (7, 5), (7, 6)] || VID:1 VID:2 VID:3 VID:5 VID:6 VID:7 
              -6.666              -6.529              -8.688                 0.0             -10.863              -3.495                 0.0        ||Comp Host: [0, 2] ||Links: [(0, 1), (0, 2), (1, 0), (1, 2), (1, 3), (1, 4), (1, 5), (1, 6), (2, 0), (2, 1), (2, 3), (2, 4), (2, 5), (2, 6), (3, 1), (3, 2), (3, 7), (4, 1), (4, 2), (4, 7), (5, 1), (5, 2), (5, 7), (6, 1), (6, 2), (6, 7), (7, 3), (7, 4), (7, 5), (7, 6)] || VID:1 VID:2 VID:3 VID:4 VID:5 VID:7 
              -6.136                 0.0                 0.0              -2.088              -9.042              -5.114              -6.039        ||Comp Host: [0] ||Links: [(0, 2), (1, 0), (1, 2), (1, 3), (1, 4), (1, 5), (1, 6), (2, 0), (2, 1), (2, 3), (2, 4), (2, 5), (2, 6), (3, 1), (3, 2), (3, 7), (4, 1), (4, 2), (4, 7), (5, 1), (5, 2), (5, 7), (6, 1), (6, 2), (6, 7), (7, 3), (7, 4), (7, 5), (7, 6)] || VID:1 VID:2 VID:3 VID:4 VID:5 VID:6 
                 0.0                 0.0              -5.992                 0.0              -8.797              -3.495              -4.988        ||Comp Host: [0] ||Links: [(1, 0), (1, 2), (1, 3), (1, 4), (1, 5), (1, 6), (2, 0), (2, 1), (2, 3), (2, 4), (2, 5), (2, 6), (3, 1), (3, 2), (3, 7), (4, 1), (4, 2), (4, 7), (5, 1), (5, 2), (5, 7), (6, 1), (6, 2), (6, 7), (7, 3), (7, 4), (7, 5), (7, 6)] || VID:1 VID:2 VID:3 VID:4 VID:5 VID:6 VID:7 
              -6.508                 0.0               -7.02              -2.082                 0.0              -5.051              -6.126        ||Comp Host: [0] ||Links: [(0, 2), (1, 0), (1, 2), (1, 3), (1, 4), (1, 5), (1, 6), (2, 0), (2, 1), (2, 3), (2, 4), (2, 5), (2, 6), (3, 1), (3, 2), (4, 1), (4, 2), (4, 7), (5, 1), (5, 2), (5, 7), (6, 1), (6, 2), (6, 7), (7, 3), (7, 4), (7, 5), (7, 6)] || VID:1 VID:2 VID:3 VID:4 VID:5 VID:6 VID:7 
              -5.692                 0.0              -7.268              -2.095              -9.672                 0.0              -5.307        ||Comp Host: [0] ||Links: [(0, 2), (1, 0), (1, 2), (1, 3), (1, 4), (1, 5), (1, 6), (2, 0), (2, 1), (2, 3), (2, 4), (2, 5), (2, 6), (3, 1), (3, 2), (3, 7), (4, 1), (4, 2), (4, 7), (5, 1), (5, 2), (5, 7), (6, 1), (6, 2), (6, 7), (7, 3), (7, 4), (7, 5), (7, 6)] || VID:1 VID:2 VID:3 VID:5 VID:6 VID:7 
              -4.503                 0.0              -7.176              -2.085              -9.814              -4.034                 0.0        ||Comp Host: [0] ||Links: [(0, 2), (1, 0), (1, 2), (1, 3), (1, 4), (1, 5), (1, 6), (2, 0), (2, 1), (2, 3), (2, 4), (2, 5), (2, 6), (3, 1), (3, 2), (3, 7), (4, 1), (4, 2), (4, 7), (5, 1), (5, 2), (5, 7), (6, 1), (6, 2), (6, 7), (7, 3), (7, 4), (7, 5), (7, 6)] || VID:1 VID:2 VID:3 VID:4 VID:5 VID:7 
                 0.0              -4.298                 0.0                 0.0              -8.794              -3.496               -4.99        ||Comp Host: [0] ||Links: [(0, 1), (1, 0), (1, 2), (1, 3), (1, 4), (1, 5), (1, 6), (2, 0), (2, 1), (2, 3), (2, 4), (2, 5), (2, 6), (3, 1), (3, 2), (3, 7), (4, 1), (4, 2), (4, 7), (5, 1), (5, 2), (5, 7), (6, 1), (6, 2), (6, 7), (7, 3), (7, 4), (7, 5), (7, 6)] || VID:1 VID:2 VID:3 VID:4 VID:5 VID:6 
              -5.865              -5.473                 0.0              -2.096                 0.0              -5.011              -5.233        ||Comp Host: [0] ||Links: [(0, 1), (0, 2), (1, 0), (1, 2), (1, 3), (1, 4), (1, 5), (1, 6), (2, 0), (2, 1), (2, 3), (2, 4), (2, 5), (2, 6), (3, 1), (3, 2), (4, 1), (4, 2), (4, 7), (5, 1), (5, 2), (5, 7), (6, 1), (6, 2), (6, 7), (7, 3), (7, 4), (7, 5), (7, 6)] || VID:1 VID:2 VID:3 VID:4 VID:5 VID:6 
              -4.522              -5.611                 0.0              -2.088              -8.676                 0.0              -6.105        ||Comp Host: [0] ||Links: [(0, 1), (0, 2), (1, 0), (1, 2), (1, 3), (1, 4), (1, 5), (1, 6), (2, 0), (2, 1), (2, 3), (2, 4), (2, 5), (2, 6), (3, 1), (3, 2), (3, 7), (4, 1), (4, 2), (4, 7), (5, 1), (5, 2), (5, 7), (6, 1), (6, 2), (6, 7), (7, 3), (7, 4), (7, 5), (7, 6)] || VID:1 VID:2 VID:3 VID:5 VID:6 
              -4.676              -5.567                 0.0              -2.077              -8.984              -4.548                 0.0        ||Comp Host: [0] ||Links: [(0, 1), (0, 2), (1, 0), (1, 2), (1, 3), (1, 4), (1, 5), (1, 6), (2, 0), (2, 1), (2, 3), (2, 4), (2, 5), (2, 6), (3, 1), (3, 2), (3, 7), (4, 1), (4, 2), (4, 7), (5, 1), (5, 2), (5, 7), (6, 1), (6, 2), (6, 7), (7, 3), (7, 4), (7, 5), (7, 6)] || VID:1 VID:2 VID:3 VID:4 VID:5 
                 0.0              -4.298              -5.994                 0.0                 0.0               -3.48              -4.995        ||Comp Host: [0] ||Links: [(0, 1), (1, 0), (1, 2), (1, 3), (1, 4), (1, 5), (1, 6), (2, 0), (2, 1), (2, 3), (2, 4), (2, 5), (2, 6), (3, 1), (3, 2), (4, 1), (4, 2), (4, 7), (5, 1), (5, 2), (5, 7), (6, 1), (6, 2), (6, 7), (7, 3), (7, 4), (7, 5), (7, 6)] || VID:1 VID:2 VID:3 VID:4 VID:5 VID:6 VID:7 
                 0.0              -4.291              -5.966                 0.0              -8.782                 0.0              -4.995        ||Comp Host: [0] ||Links: [(0, 1), (1, 0), (1, 2), (1, 3), (1, 4), (1, 5), (1, 6), (2, 0), (2, 1), (2, 3), (2, 4), (2, 5), (2, 6), (3, 1), (3, 2), (3, 7), (4, 1), (4, 2), (4, 7), (5, 1), (5, 2), (5, 7), (6, 1), (6, 2), (6, 7), (7, 3), (7, 4), (7, 5), (7, 6)] || VID:1 VID:2 VID:3 VID:5 VID:6 VID:7 
                 0.0              -4.297              -5.966                 0.0              -8.784              -3.499                 0.0        ||Comp Host: [0] ||Links: [(0, 1), (1, 0), (1, 2), (1, 3), (1, 4), (1, 5), (1, 6), (2, 0), (2, 1), (2, 3), (2, 4), (2, 5), (2, 6), (3, 1), (3, 2), (3, 7), (4, 1), (4, 2), (4, 7), (5, 1), (5, 2), (5, 7), (6, 1), (6, 2), (6, 7), (7, 3), (7, 4), (7, 5), (7, 6)] || VID:1 VID:2 VID:3 VID:4 VID:5 VID:7 
              -5.097              -5.816              -7.205              -2.094                 0.0                 0.0              -6.018        ||Comp Host: [0] ||Links: [(0, 1), (0, 2), (1, 0), (1, 2), (1, 3), (1, 4), (1, 5), (1, 6), (2, 0), (2, 1), (2, 3), (2, 4), (2, 5), (2, 6), (3, 1), (3, 2), (4, 1), (4, 2), (4, 7), (5, 1), (5, 2), (5, 7), (6, 1), (6, 2), (6, 7), (7, 3), (7, 4), (7, 5), (7, 6)] || VID:1 VID:2 VID:3 VID:5 VID:6 VID:7 
              -4.539              -5.342              -6.568              -2.075                 0.0              -3.657                 0.0        ||Comp Host: [0] ||Links: [(0, 1), (0, 2), (1, 0), (1, 2), (1, 3), (1, 4), (1, 5), (1, 6), (2, 0), (2, 1), (2, 3), (2, 4), (2, 5), (2, 6), (3, 1), (3, 2), (4, 1), (4, 2), (4, 7), (5, 1), (5, 2), (5, 7), (6, 1), (6, 2), (6, 7), (7, 3), (7, 4), (7, 5), (7, 6)] || VID:1 VID:2 VID:3 VID:4 VID:5 VID:7 
              -2.077              -5.177              -6.497              -2.077              -9.499                 0.0                 0.0        ||Comp Host: [0] ||Links: [(0, 1), (0, 2), (1, 0), (1, 2), (1, 3), (1, 4), (1, 5), (1, 6), (2, 0), (2, 1), (2, 3), (2, 4), (2, 5), (2, 6), (3, 1), (3, 2), (3, 7), (4, 1), (4, 2), (4, 7), (5, 1), (5, 2), (5, 7), (6, 1), (6, 2), (6, 7), (7, 3), (7, 4), (7, 5), (7, 6)] || VID:1 VID:2 VID:3 VID:5 VID:7 
              -3.026              -2.581              -2.811                 0.0              -4.585                 0.0                 0.0        ||Comp Host: [0, 2, 4, 6] ||Links: [(0, 1), (0, 2), (1, 0), (1, 2), (1, 3), (1, 4), (1, 5), (1, 6), (2, 0), (2, 1), (2, 3), (2, 4), (2, 5), (2, 6), (3, 1), (3, 2), (3, 7), (4, 1), (4, 2), (4, 7), (5, 1), (5, 2), (5, 7), (6, 1), (6, 2), (6, 7), (7, 3), (7, 4), (7, 5), (7, 6)] || VID:1 VID:2 VID:3 VID:4 VID:5 VID:6 VID:7 
              -8.033                 0.0              -7.418                 0.0              -9.771                 0.0              -6.528        ||Comp Host: [0, 2, 4] ||Links: [(0, 2), (1, 0), (1, 2), (1, 3), (1, 4), (1, 5), (1, 6), (2, 0), (2, 1), (2, 3), (2, 4), (2, 5), (2, 6), (3, 1), (3, 2), (3, 7), (4, 1), (4, 2), (4, 7), (5, 1), (5, 2), (5, 7), (6, 1), (6, 2), (6, 7), (7, 3), (7, 4), (7, 5), (7, 6)] || VID:1 VID:2 VID:3 VID:4 VID:5 VID:6 VID:7 
              -7.169              -6.503                 0.0                 0.0              -6.934                 0.0              -4.166        ||Comp Host: [0, 2, 4] ||Links: [(0, 1), (0, 2), (1, 0), (1, 2), (1, 3), (1, 4), (1, 5), (1, 6), (2, 0), (2, 1), (2, 3), (2, 4), (2, 5), (2, 6), (3, 1), (3, 2), (3, 7), (4, 1), (4, 2), (4, 7), (5, 1), (5, 2), (5, 7), (6, 1), (6, 2), (6, 7), (7, 3), (7, 4), (7, 5), (7, 6)] || VID:1 VID:2 VID:3 VID:4 VID:5 VID:6 
              -6.056              -6.556              -5.549                 0.0                 0.0                 0.0              -5.782        ||Comp Host: [0, 2, 4] ||Links: [(0, 1), (0, 2), (1, 0), (1, 2), (1, 3), (1, 4), (1, 5), (1, 6), (2, 0), (2, 1), (2, 3), (2, 4), (2, 5), (2, 6), (3, 1), (3, 2), (4, 1), (4, 2), (4, 7), (5, 1), (5, 2), (5, 7), (6, 1), (6, 2), (6, 7), (7, 3), (7, 4), (7, 5), (7, 6)] || VID:1 VID:2 VID:3 VID:4 VID:5 VID:6 VID:7 
              -6.038              -5.601              -4.765                 0.0              -7.608                 0.0                 0.0        ||Comp Host: [0, 2, 4] ||Links: [(0, 1), (0, 2), (1, 0), (1, 2), (1, 3), (1, 4), (1, 5), (1, 6), (2, 0), (2, 1), (2, 3), (2, 4), (2, 5), (2, 6), (3, 1), (3, 2), (3, 7), (4, 1), (4, 2), (4, 7), (5, 1), (5, 2), (5, 7), (6, 1), (6, 2), (6, 7), (7, 3), (7, 4), (7, 5), (7, 6)] || VID:1 VID:2 VID:3 VID:4 VID:5 VID:7 
              -7.054                 0.0                 0.0                 0.0             -11.606              -6.628               -6.89        ||Comp Host: [0, 2] ||Links: [(0, 2), (1, 0), (1, 2), (1, 3), (1, 4), (1, 5), (1, 6), (2, 0), (2, 1), (2, 3), (2, 4), (2, 5), (2, 6), (3, 1), (3, 2), (3, 7), (4, 1), (4, 2), (4, 7), (5, 1), (5, 2), (5, 7), (6, 1), (6, 2), (6, 7), (7, 3), (7, 4), (7, 5), (7, 6)] || VID:1 VID:2 VID:3 VID:4 VID:5 VID:6 
              -8.213                 0.0              -7.831                 0.0                 0.0              -6.736              -6.679        ||Comp Host: [0, 2] ||Links: [(0, 2), (1, 0), (1, 2), (1, 3), (1, 4), (1, 5), (1, 6), (2, 0), (2, 1), (2, 3), (2, 4), (2, 5), (2, 6), (3, 1), (3, 2), (4, 1), (4, 2), (4, 7), (5, 1), (5, 2), (5, 7), (6, 1), (6, 2), (6, 7), (7, 3), (7, 4), (7, 5), (7, 6)] || VID:1 VID:2 VID:3 VID:4 VID:5 VID:6 VID:7 
             -10.044                 0.0              -8.887                 0.0             -12.156                 0.0              -4.918        ||Comp Host: [0, 2] ||Links: [(0, 2), (1, 0), (1, 2), (1, 3), (1, 4), (1, 5), (1, 6), (2, 0), (2, 1), (2, 3), (2, 4), (2, 5), (2, 6), (3, 1), (3, 2), (3, 7), (4, 1), (4, 2), (4, 7), (5, 1), (5, 2), (5, 7), (6, 1), (6, 2), (6, 7), (7, 3), (7, 4), (7, 5), (7, 6)] || VID:1 VID:2 VID:3 VID:5 VID:6 VID:7 
              -7.211                 0.0              -6.984                 0.0             -10.012              -3.335                 0.0        ||Comp Host: [0, 2] ||Links: [(0, 2), (1, 0), (1, 2), (1, 3), (1, 4), (1, 5), (1, 6), (2, 0), (2, 1), (2, 3), (2, 4), (2, 5), (2, 6), (3, 1), (3, 2), (3, 7), (4, 1), (4, 2), (4, 7), (5, 1), (5, 2), (5, 7), (6, 1), (6, 2), (6, 7), (7, 3), (7, 4), (7, 5), (7, 6)] || VID:1 VID:2 VID:3 VID:4 VID:5 VID:7 
              -6.368              -6.879                 0.0                 0.0                 0.0              -6.343              -6.509        ||Comp Host: [0, 2] ||Links: [(0, 1), (0, 2), (1, 0), (1, 2), (1, 3), (1, 4), (1, 5), (1, 6), (2, 0), (2, 1), (2, 3), (2, 4), (2, 5), (2, 6), (3, 1), (3, 2), (4, 1), (4, 2), (4, 7), (5, 1), (5, 2), (5, 7), (6, 1), (6, 2), (6, 7), (7, 3), (7, 4), (7, 5), (7, 6)] || VID:1 VID:2 VID:3 VID:4 VID:5 VID:6 
              -7.479              -7.125                 0.0                 0.0             -11.803                 0.0              -4.788        ||Comp Host: [0, 2] ||Links: [(0, 1), (0, 2), (1, 0), (1, 2), (1, 3), (1, 4), (1, 5), (1, 6), (2, 0), (2, 1), (2, 3), (2, 4), (2, 5), (2, 6), (3, 1), (3, 2), (3, 7), (4, 1), (4, 2), (4, 7), (5, 1), (5, 2), (5, 7), (6, 1), (6, 2), (6, 7), (7, 3), (7, 4), (7, 5), (7, 6)] || VID:1 VID:2 VID:3 VID:5 VID:6 
              -3.829              -6.421                 0.0                 0.0             -10.682              -3.403                 0.0        ||Comp Host: [0, 2] ||Links: [(0, 1), (0, 2), (1, 0), (1, 2), (1, 3), (1, 4), (1, 5), (1, 6), (2, 0), (2, 1), (2, 3), (2, 4), (2, 5), (2, 6), (3, 1), (3, 2), (3, 7), (4, 1), (4, 2), (4, 7), (5, 1), (5, 2), (5, 7), (6, 1), (6, 2), (6, 7), (7, 3), (7, 4), (7, 5), (7, 6)] || VID:1 VID:2 VID:3 VID:4 VID:5 
              -9.619              -7.191               -8.94                 0.0                 0.0                 0.0              -4.887        ||Comp Host: [0, 2] ||Links: [(0, 1), (0, 2), (1, 0), (1, 2), (1, 3), (1, 4), (1, 5), (1, 6), (2, 0), (2, 1), (2, 3), (2, 4), (2, 5), (2, 6), (3, 1), (3, 2), (4, 1), (4, 2), (4, 7), (5, 1), (5, 2), (5, 7), (6, 1), (6, 2), (6, 7), (7, 3), (7, 4), (7, 5), (7, 6)] || VID:1 VID:2 VID:3 VID:5 VID:6 VID:7 
              -5.638              -6.456              -6.767                 0.0                 0.0              -3.429                 0.0        ||Comp Host: [0, 2] ||Links: [(0, 1), (0, 2), (1, 0), (1, 2), (1, 3), (1, 4), (1, 5), (1, 6), (2, 0), (2, 1), (2, 3), (2, 4), (2, 5), (2, 6), (3, 1), (3, 2), (4, 1), (4, 2), (4, 7), (5, 1), (5, 2), (5, 7), (6, 1), (6, 2), (6, 7), (7, 3), (7, 4), (7, 5), (7, 6)] || VID:1 VID:2 VID:3 VID:4 VID:5 VID:7 
              -6.315              -3.928              -3.908                 0.0              -5.019                 0.0                 0.0        ||Comp Host: [0, 2, 6] ||Links: [(0, 1), (0, 2), (1, 0), (1, 2), (1, 3), (1, 4), (1, 5), (1, 6), (2, 0), (2, 1), (2, 3), (2, 4), (2, 5), (2, 6), (3, 1), (3, 2), (3, 7), (4, 1), (4, 2), (4, 7), (5, 1), (5, 2), (5, 7), (6, 1), (6, 2), (6, 7), (7, 3), (7, 4), (7, 5), (7, 6)] || VID:1 VID:2 VID:3 VID:5 VID:6 VID:7 
                 0.0              -4.167              -5.865                 0.0              -8.528                 0.0                 0.0        ||Comp Host: [0, 2] ||Links: [(0, 1), (0, 2), (1, 0), (1, 2), (1, 3), (1, 4), (1, 5), (1, 6), (2, 0), (2, 1), (2, 3), (2, 4), (2, 5), (2, 6), (3, 1), (3, 2), (3, 7), (4, 1), (4, 2), (4, 7), (5, 1), (5, 2), (5, 7), (6, 1), (6, 2), (6, 7), (7, 3), (7, 4), (7, 5), (7, 6)] || VID:1 VID:2 VID:3 VID:5 VID:7 
                 0.0                 0.0                 0.0                 0.0              -8.639              -3.453              -4.861        ||Comp Host: [0] ||Links: [(1, 0), (1, 2), (1, 3), (1, 4), (1, 5), (1, 6), (2, 0), (2, 1), (2, 3), (2, 4), (2, 5), (2, 6), (3, 1), (3, 2), (3, 7), (4, 1), (4, 2), (4, 7), (5, 1), (5, 2), (5, 7), (6, 1), (6, 2), (6, 7), (7, 3), (7, 4), (7, 5), (7, 6)] || VID:1 VID:2 VID:3 VID:4 VID:5 VID:6 
              -5.973                 0.0                 0.0              -1.914                 0.0              -4.293               -5.22        ||Comp Host: [0] ||Links: [(0, 2), (1, 0), (1, 2), (1, 3), (1, 4), (1, 5), (1, 6), (2, 0), (2, 1), (2, 3), (2, 4), (2, 5), (2, 6), (3, 1), (3, 2), (4, 1), (4, 2), (4, 7), (5, 1), (5, 2), (5, 7), (6, 1), (6, 2), (6, 7), (7, 3), (7, 4), (7, 5), (7, 6)] || VID:1 VID:2 VID:3 VID:4 VID:5 VID:6 
              -4.811                 0.0                 0.0              -2.035              -9.051                 0.0              -5.908        ||Comp Host: [0] ||Links: [(0, 2), (1, 0), (1, 2), (1, 3), (1, 4), (1, 5), (1, 6), (2, 0), (2, 1), (2, 3), (2, 4), (2, 5), (2, 6), (3, 1), (3, 2), (3, 7), (4, 1), (4, 2), (4, 7), (5, 1), (5, 2), (5, 7), (6, 1), (6, 2), (6, 7), (7, 3), (7, 4), (7, 5), (7, 6)] || VID:1 VID:2 VID:3 VID:5 VID:6 
               -3.87                 0.0                 0.0              -1.949              -8.655               -4.58                 0.0        ||Comp Host: [0] ||Links: [(0, 2), (1, 0), (1, 2), (1, 3), (1, 4), (1, 5), (1, 6), (2, 0), (2, 1), (2, 3), (2, 4), (2, 5), (2, 6), (3, 1), (3, 2), (3, 7), (4, 1), (4, 2), (4, 7), (5, 1), (5, 2), (5, 7), (6, 1), (6, 2), (6, 7), (7, 3), (7, 4), (7, 5), (7, 6)] || VID:1 VID:2 VID:3 VID:4 VID:5 
                 0.0                 0.0              -5.942                 0.0                 0.0              -3.429              -4.899        ||Comp Host: [0] ||Links: [(1, 0), (1, 2), (1, 3), (1, 4), (1, 5), (1, 6), (2, 0), (2, 1), (2, 3), (2, 4), (2, 5), (2, 6), (3, 1), (3, 2), (4, 1), (4, 2), (4, 7), (5, 1), (5, 2), (5, 7), (6, 1), (6, 2), (6, 7), (7, 3), (7, 4), (7, 5), (7, 6)] || VID:1 VID:2 VID:3 VID:4 VID:5 VID:6 VID:7 
                 0.0                 0.0              -5.815                 0.0              -8.639                 0.0              -4.952        ||Comp Host: [0] ||Links: [(1, 0), (1, 2), (1, 3), (1, 4), (1, 5), (1, 6), (2, 0), (2, 1), (2, 3), (2, 4), (2, 5), (2, 6), (3, 1), (3, 2), (3, 7), (4, 1), (4, 2), (4, 7), (5, 1), (5, 2), (5, 7), (6, 1), (6, 2), (6, 7), (7, 3), (7, 4), (7, 5), (7, 6)] || VID:1 VID:2 VID:3 VID:5 VID:6 VID:7 
                 0.0                 0.0              -5.746                 0.0              -8.639              -3.443                 0.0        ||Comp Host: [0] ||Links: [(1, 0), (1, 2), (1, 3), (1, 4), (1, 5), (1, 6), (2, 0), (2, 1), (2, 3), (2, 4), (2, 5), (2, 6), (3, 1), (3, 2), (3, 7), (4, 1), (4, 2), (4, 7), (5, 1), (5, 2), (5, 7), (6, 1), (6, 2), (6, 7), (7, 3), (7, 4), (7, 5), (7, 6)] || VID:1 VID:2 VID:3 VID:4 VID:5 VID:7 
              -5.058                 0.0              -6.886              -2.042                 0.0                 0.0              -5.787        ||Comp Host: [0] ||Links: [(0, 2), (1, 0), (1, 2), (1, 3), (1, 4), (1, 5), (1, 6), (2, 0), (2, 1), (2, 3), (2, 4), (2, 5), (2, 6), (3, 1), (3, 2), (4, 1), (4, 2), (4, 7), (5, 1), (5, 2), (5, 7), (6, 1), (6, 2), (6, 7), (7, 3), (7, 4), (7, 5), (7, 6)] || VID:1 VID:2 VID:3 VID:5 VID:6 VID:7 
               -4.56                 0.0              -5.799              -1.932                 0.0              -4.419                 0.0        ||Comp Host: [0] ||Links: [(0, 2), (1, 0), (1, 2), (1, 3), (1, 4), (1, 5), (1, 6), (2, 0), (2, 1), (2, 3), (2, 4), (2, 5), (2, 6), (3, 1), (3, 2), (4, 1), (4, 2), (4, 7), (5, 1), (5, 2), (5, 7), (6, 1), (6, 2), (6, 7), (7, 3), (7, 4), (7, 5), (7, 6)] || VID:1 VID:2 VID:3 VID:4 VID:5 VID:7 
              -1.816                 0.0              -5.026              -1.711              -8.251                 0.0                 0.0        ||Comp Host: [0] ||Links: [(0, 2), (1, 0), (1, 2), (1, 3), (1, 4), (1, 5), (1, 6), (2, 0), (2, 1), (2, 3), (2, 4), (2, 5), (2, 6), (3, 1), (3, 2), (3, 7), (4, 1), (4, 2), (4, 7), (5, 1), (5, 2), (5, 7), (6, 1), (6, 2), (6, 7), (7, 3), (7, 4), (7, 5), (7, 6)] || VID:1 VID:2 VID:3 VID:5 VID:7 
                 0.0              -4.266                 0.0                 0.0                 0.0              -3.412              -4.909        ||Comp Host: [0] ||Links: [(0, 1), (1, 0), (1, 2), (1, 3), (1, 4), (1, 5), (1, 6), (2, 0), (2, 1), (2, 3), (2, 4), (2, 5), (2, 6), (3, 1), (3, 2), (4, 1), (4, 2), (4, 7), (5, 1), (5, 2), (5, 7), (6, 1), (6, 2), (6, 7), (7, 3), (7, 4), (7, 5), (7, 6)] || VID:1 VID:2 VID:3 VID:4 VID:5 VID:6 
                 0.0              -4.222                 0.0                 0.0              -8.168                 0.0              -4.677        ||Comp Host: [0] ||Links: [(0, 1), (1, 0), (1, 2), (1, 3), (1, 4), (1, 5), (1, 6), (2, 0), (2, 1), (2, 3), (2, 4), (2, 5), (2, 6), (3, 1), (3, 2), (3, 7), (4, 1), (4, 2), (4, 7), (5, 1), (5, 2), (5, 7), (6, 1), (6, 2), (6, 7), (7, 3), (7, 4), (7, 5), (7, 6)] || VID:1 VID:2 VID:3 VID:5 VID:6 
                 0.0              -4.136                 0.0                 0.0              -8.288              -3.117                 0.0        ||Comp Host: [0] ||Links: [(0, 1), (1, 0), (1, 2), (1, 3), (1, 4), (1, 5), (1, 6), (2, 0), (2, 1), (2, 3), (2, 4), (2, 5), (2, 6), (3, 1), (3, 2), (3, 7), (4, 1), (4, 2), (4, 7), (5, 1), (5, 2), (5, 7), (6, 1), (6, 2), (6, 7), (7, 3), (7, 4), (7, 5), (7, 6)] || VID:1 VID:2 VID:3 VID:4 VID:5 
               -4.98              -5.013                 0.0              -2.011                 0.0                 0.0              -4.507        ||Comp Host: [0] ||Links: [(0, 1), (0, 2), (1, 0), (1, 2), (1, 3), (1, 4), (1, 5), (1, 6), (2, 0), (2, 1), (2, 3), (2, 4), (2, 5), (2, 6), (3, 1), (3, 2), (4, 1), (4, 2), (4, 7), (5, 1), (5, 2), (5, 7), (6, 1), (6, 2), (6, 7), (7, 3), (7, 4), (7, 5), (7, 6)] || VID:1 VID:2 VID:3 VID:5 VID:6 
              -3.742              -3.988                 0.0              -1.914                 0.0              -2.744                 0.0        ||Comp Host: [0] ||Links: [(0, 1), (0, 2), (1, 0), (1, 2), (1, 3), (1, 4), (1, 5), (1, 6), (2, 0), (2, 1), (2, 3), (2, 4), (2, 5), (2, 6), (3, 1), (3, 2), (4, 1), (4, 2), (4, 7), (5, 1), (5, 2), (5, 7), (6, 1), (6, 2), (6, 7), (7, 3), (7, 4), (7, 5), (7, 6)] || VID:1 VID:2 VID:3 VID:4 VID:5 
              -1.914              -4.766                 0.0               -1.87               -6.83                 0.0                 0.0        ||Comp Host: [0] ||Links: [(0, 1), (0, 2), (1, 0), (1, 2), (1, 3), (1, 4), (1, 5), (1, 6), (2, 0), (2, 1), (2, 3), (2, 4), (2, 5), (2, 6), (3, 1), (3, 2), (3, 7), (4, 1), (4, 2), (4, 7), (5, 1), (5, 2), (5, 7), (6, 1), (6, 2), (6, 7), (7, 3), (7, 4), (7, 5), (7, 6)] || VID:1 VID:2 VID:3 VID:5 
                 0.0              -4.192               -5.85                 0.0                 0.0                 0.0              -4.738        ||Comp Host: [0] ||Links: [(0, 1), (1, 0), (1, 2), (1, 3), (1, 4), (1, 5), (1, 6), (2, 0), (2, 1), (2, 3), (2, 4), (2, 5), (2, 6), (3, 1), (3, 2), (4, 1), (4, 2), (4, 7), (5, 1), (5, 2), (5, 7), (6, 1), (6, 2), (6, 7), (7, 3), (7, 4), (7, 5), (7, 6)] || VID:1 VID:2 VID:3 VID:5 VID:6 VID:7 
                 0.0              -4.152              -5.794                 0.0                 0.0              -3.453                 0.0        ||Comp Host: [0] ||Links: [(0, 1), (1, 0), (1, 2), (1, 3), (1, 4), (1, 5), (1, 6), (2, 0), (2, 1), (2, 3), (2, 4), (2, 5), (2, 6), (3, 1), (3, 2), (4, 1), (4, 2), (4, 7), (5, 1), (5, 2), (5, 7), (6, 1), (6, 2), (6, 7), (7, 3), (7, 4), (7, 5), (7, 6)] || VID:1 VID:2 VID:3 VID:4 VID:5 VID:7 
                 0.0              -4.213               -5.92                 0.0              -8.386                 0.0                 0.0        ||Comp Host: [0] ||Links: [(0, 1), (1, 0), (1, 2), (1, 3), (1, 4), (1, 5), (1, 6), (2, 0), (2, 1), (2, 3), (2, 4), (2, 5), (2, 6), (3, 1), (3, 2), (3, 7), (4, 1), (4, 2), (4, 7), (5, 1), (5, 2), (5, 7), (6, 1), (6, 2), (6, 7), (7, 3), (7, 4), (7, 5), (7, 6)] || VID:1 VID:2 VID:3 VID:5 VID:7 
              -1.785              -4.438               -5.84               -1.87                 0.0                 0.0                 0.0        ||Comp Host: [0] ||Links: [(0, 1), (0, 2), (1, 0), (1, 2), (1, 3), (1, 4), (1, 5), (1, 6), (2, 0), (2, 1), (2, 3), (2, 4), (2, 5), (2, 6), (3, 1), (3, 2), (4, 1), (4, 2), (4, 7), (5, 1), (5, 2), (5, 7), (6, 1), (6, 2), (6, 7), (7, 3), (7, 4), (7, 5), (7, 6)] || VID:1 VID:2 VID:3 VID:5 VID:7 
                 0.0              -1.165                 0.0                 0.0                 0.0                 0.0                 0.0        ||Comp Host: [0, 2, 4, 6, 7] ||Links: [(0, 1), (0, 2), (1, 0), (1, 2), (1, 3), (1, 4), (1, 5), (1, 6), (2, 0), (2, 1), (2, 3), (2, 4), (2, 5), (2, 6), (3, 1), (3, 2), (3, 7), (4, 1), (4, 2), (4, 7), (5, 1), (5, 2), (5, 7), (6, 1), (6, 2), (6, 7), (7, 3), (7, 4), (7, 5), (7, 6)] || VID:1 VID:2 VID:3 VID:4 VID:5 VID:6 VID:7 
              -4.591                 0.0              -3.417                 0.0              -3.948                 0.0                 0.0        ||Comp Host: [0, 2, 4, 6] ||Links: [(0, 2), (1, 0), (1, 2), (1, 3), (1, 4), (1, 5), (1, 6), (2, 0), (2, 1), (2, 3), (2, 4), (2, 5), (2, 6), (3, 1), (3, 2), (3, 7), (4, 1), (4, 2), (4, 7), (5, 1), (5, 2), (5, 7), (6, 1), (6, 2), (6, 7), (7, 3), (7, 4), (7, 5), (7, 6)] || VID:1 VID:2 VID:3 VID:4 VID:5 VID:6 VID:7 
                 0.0              -1.479                 0.0                 0.0              -5.012                 0.0                 0.0        ||Comp Host: [0, 2, 4, 6] ||Links: [(0, 1), (0, 2), (1, 0), (1, 2), (1, 3), (1, 4), (1, 5), (1, 6), (2, 0), (2, 1), (2, 3), (2, 4), (2, 5), (2, 6), (3, 1), (3, 2), (3, 7), (4, 1), (4, 2), (4, 7), (5, 1), (5, 2), (5, 7), (6, 1), (6, 2), (6, 7), (7, 3), (7, 4), (7, 5), (7, 6)] || VID:1 VID:2 VID:3 VID:4 VID:5 VID:6 
              -3.604              -2.573              -2.457                 0.0                 0.0                 0.0                 0.0        ||Comp Host: [0, 2, 4, 6] ||Links: [(0, 1), (0, 2), (1, 0), (1, 2), (1, 3), (1, 4), (1, 5), (1, 6), (2, 0), (2, 1), (2, 3), (2, 4), (2, 5), (2, 6), (3, 1), (3, 2), (4, 1), (4, 2), (4, 7), (5, 1), (5, 2), (5, 7), (6, 1), (6, 2), (6, 7), (7, 3), (7, 4), (7, 5), (7, 6)] || VID:1 VID:2 VID:3 VID:4 VID:5 VID:6 VID:7 
              -7.332                 0.0                 0.0                 0.0              -9.337                 0.0              -4.677        ||Comp Host: [0, 2, 4] ||Links: [(0, 2), (1, 0), (1, 2), (1, 3), (1, 4), (1, 5), (1, 6), (2, 0), (2, 1), (2, 3), (2, 4), (2, 5), (2, 6), (3, 1), (3, 2), (3, 7), (4, 1), (4, 2), (4, 7), (5, 1), (5, 2), (5, 7), (6, 1), (6, 2), (6, 7), (7, 3), (7, 4), (7, 5), (7, 6)] || VID:1 VID:2 VID:3 VID:4 VID:5 VID:6 
               -8.16                 0.0              -7.941                 0.0                 0.0                 0.0              -8.254        ||Comp Host: [0, 2, 4] ||Links: [(0, 2), (1, 0), (1, 2), (1, 3), (1, 4), (1, 5), (1, 6), (2, 0), (2, 1), (2, 3), (2, 4), (2, 5), (2, 6), (3, 1), (3, 2), (4, 1), (4, 2), (4, 7), (5, 1), (5, 2), (5, 7), (6, 1), (6, 2), (6, 7), (7, 3), (7, 4), (7, 5), (7, 6)] || VID:1 VID:2 VID:3 VID:4 VID:5 VID:6 VID:7 
              -6.563                 0.0              -5.468                 0.0              -8.654                 0.0                 0.0        ||Comp Host: [0, 2, 4] ||Links: [(0, 2), (1, 0), (1, 2), (1, 3), (1, 4), (1, 5), (1, 6), (2, 0), (2, 1), (2, 3), (2, 4), (2, 5), (2, 6), (3, 1), (3, 2), (3, 7), (4, 1), (4, 2), (4, 7), (5, 1), (5, 2), (5, 7), (6, 1), (6, 2), (6, 7), (7, 3), (7, 4), (7, 5), (7, 6)] || VID:1 VID:2 VID:3 VID:4 VID:5 VID:7 
              -6.038              -4.976                 0.0                 0.0                 0.0                 0.0              -4.392        ||Comp Host: [0, 2, 4] ||Links: [(0, 1), (0, 2), (1, 0), (1, 2), (1, 3), (1, 4), (1, 5), (1, 6), (2, 0), (2, 1), (2, 3), (2, 4), (2, 5), (2, 6), (3, 1), (3, 2), (4, 1), (4, 2), (4, 7), (5, 1), (5, 2), (5, 7), (6, 1), (6, 2), (6, 7), (7, 3), (7, 4), (7, 5), (7, 6)] || VID:1 VID:2 VID:3 VID:4 VID:5 VID:6 
                 0.0              -3.877                 0.0                 0.0              -6.563                 0.0                 0.0        ||Comp Host: [0, 2, 4] ||Links: [(0, 1), (0, 2), (1, 0), (1, 2), (1, 3), (1, 4), (1, 5), (1, 6), (2, 0), (2, 1), (2, 3), (2, 4), (2, 5), (2, 6), (3, 1), (3, 2), (3, 7), (4, 1), (4, 2), (4, 7), (5, 1), (5, 2), (5, 7), (6, 1), (6, 2), (6, 7), (7, 3), (7, 4), (7, 5), (7, 6)] || VID:1 VID:2 VID:3 VID:4 VID:5 
              -6.038              -7.007              -4.475                 0.0                 0.0                 0.0                 0.0        ||Comp Host: [0, 2, 4] ||Links: [(0, 1), (0, 2), (1, 0), (1, 2), (1, 3), (1, 4), (1, 5), (1, 6), (2, 0), (2, 1), (2, 3), (2, 4), (2, 5), (2, 6), (3, 1), (3, 2), (4, 1), (4, 2), (4, 7), (5, 1), (5, 2), (5, 7), (6, 1), (6, 2), (6, 7), (7, 3), (7, 4), (7, 5), (7, 6)] || VID:1 VID:2 VID:3 VID:4 VID:5 VID:7 
                 0.0              -1.761                 0.0                 0.0                 0.0                 0.0                 0.0        ||Comp Host: [0, 2, 4, 7] ||Links: [(0, 1), (0, 2), (1, 0), (1, 2), (1, 3), (1, 4), (1, 5), (1, 6), (2, 0), (2, 1), (2, 3), (2, 4), (2, 5), (2, 6), (3, 1), (3, 2), (3, 7), (4, 1), (4, 2), (4, 7), (5, 1), (5, 2), (5, 7), (6, 1), (6, 2), (6, 7), (7, 3), (7, 4), (7, 5), (7, 6)] || VID:1 VID:2 VID:3 VID:4 VID:5 VID:7 
              -7.313                 0.0                 0.0                 0.0                 0.0              -7.005              -7.194        ||Comp Host: [0, 2] ||Links: [(0, 2), (1, 0), (1, 2), (1, 3), (1, 4), (1, 5), (1, 6), (2, 0), (2, 1), (2, 3), (2, 4), (2, 5), (2, 6), (3, 1), (3, 2), (4, 1), (4, 2), (4, 7), (5, 1), (5, 2), (5, 7), (6, 1), (6, 2), (6, 7), (7, 3), (7, 4), (7, 5), (7, 6)] || VID:1 VID:2 VID:3 VID:4 VID:5 VID:6 
              -7.837                 0.0                 0.0                 0.0             -12.251                 0.0              -4.887        ||Comp Host: [0, 2] ||Links: [(0, 2), (1, 0), (1, 2), (1, 3), (1, 4), (1, 5), (1, 6), (2, 0), (2, 1), (2, 3), (2, 4), (2, 5), (2, 6), (3, 1), (3, 2), (3, 7), (4, 1), (4, 2), (4, 7), (5, 1), (5, 2), (5, 7), (6, 1), (6, 2), (6, 7), (7, 3), (7, 4), (7, 5), (7, 6)] || VID:1 VID:2 VID:3 VID:5 VID:6 
              -3.829                 0.0                 0.0                 0.0             -10.781              -3.412                 0.0        ||Comp Host: [0, 2] ||Links: [(0, 2), (1, 0), (1, 2), (1, 3), (1, 4), (1, 5), (1, 6), (2, 0), (2, 1), (2, 3), (2, 4), (2, 5), (2, 6), (3, 1), (3, 2), (3, 7), (4, 1), (4, 2), (4, 7), (5, 1), (5, 2), (5, 7), (6, 1), (6, 2), (6, 7), (7, 3), (7, 4), (7, 5), (7, 6)] || VID:1 VID:2 VID:3 VID:4 VID:5 
             -10.475                 0.0              -9.895                 0.0                 0.0                 0.0              -4.926        ||Comp Host: [0, 2] ||Links: [(0, 2), (1, 0), (1, 2), (1, 3), (1, 4), (1, 5), (1, 6), (2, 0), (2, 1), (2, 3), (2, 4), (2, 5), (2, 6), (3, 1), (3, 2), (4, 1), (4, 2), (4, 7), (5, 1), (5, 2), (5, 7), (6, 1), (6, 2), (6, 7), (7, 3), (7, 4), (7, 5), (7, 6)] || VID:1 VID:2 VID:3 VID:5 VID:6 VID:7 
              -8.403                 0.0              -7.195                 0.0                 0.0              -3.469                 0.0        ||Comp Host: [0, 2] ||Links: [(0, 2), (1, 0), (1, 2), (1, 3), (1, 4), (1, 5), (1, 6), (2, 0), (2, 1), (2, 3), (2, 4), (2, 5), (2, 6), (3, 1), (3, 2), (4, 1), (4, 2), (4, 7), (5, 1), (5, 2), (5, 7), (6, 1), (6, 2), (6, 7), (7, 3), (7, 4), (7, 5), (7, 6)] || VID:1 VID:2 VID:3 VID:4 VID:5 VID:7 
              -5.732                 0.0              -4.117                 0.0              -7.797                 0.0                 0.0        ||Comp Host: [0, 2, 6] ||Links: [(0, 2), (1, 0), (1, 2), (1, 3), (1, 4), (1, 5), (1, 6), (2, 0), (2, 1), (2, 3), (2, 4), (2, 5), (2, 6), (3, 1), (3, 2), (3, 7), (4, 1), (4, 2), (4, 7), (5, 1), (5, 2), (5, 7), (6, 1), (6, 2), (6, 7), (7, 3), (7, 4), (7, 5), (7, 6)] || VID:1 VID:2 VID:3 VID:5 VID:6 VID:7 
                 0.0                 0.0              -5.651                 0.0               -8.67                 0.0                 0.0        ||Comp Host: [0, 2] ||Links: [(0, 2), (1, 0), (1, 2), (1, 3), (1, 4), (1, 5), (1, 6), (2, 0), (2, 1), (2, 3), (2, 4), (2, 5), (2, 6), (3, 1), (3, 2), (3, 7), (4, 1), (4, 2), (4, 7), (5, 1), (5, 2), (5, 7), (6, 1), (6, 2), (6, 7), (7, 3), (7, 4), (7, 5), (7, 6)] || VID:1 VID:2 VID:3 VID:5 VID:7 
              -8.168              -7.358                 0.0                 0.0                 0.0                 0.0              -4.926        ||Comp Host: [0, 2] ||Links: [(0, 1), (0, 2), (1, 0), (1, 2), (1, 3), (1, 4), (1, 5), (1, 6), (2, 0), (2, 1), (2, 3), (2, 4), (2, 5), (2, 6), (3, 1), (3, 2), (4, 1), (4, 2), (4, 7), (5, 1), (5, 2), (5, 7), (6, 1), (6, 2), (6, 7), (7, 3), (7, 4), (7, 5), (7, 6)] || VID:1 VID:2 VID:3 VID:5 VID:6 
              -3.877              -6.482                 0.0                 0.0                 0.0              -3.366                 0.0        ||Comp Host: [0, 2] ||Links: [(0, 1), (0, 2), (1, 0), (1, 2), (1, 3), (1, 4), (1, 5), (1, 6), (2, 0), (2, 1), (2, 3), (2, 4), (2, 5), (2, 6), (3, 1), (3, 2), (4, 1), (4, 2), (4, 7), (5, 1), (5, 2), (5, 7), (6, 1), (6, 2), (6, 7), (7, 3), (7, 4), (7, 5), (7, 6)] || VID:1 VID:2 VID:3 VID:4 VID:5 
                 0.0              -2.634                 0.0                 0.0              -5.391                 0.0                 0.0        ||Comp Host: [0, 2, 6] ||Links: [(0, 1), (0, 2), (1, 0), (1, 2), (1, 3), (1, 4), (1, 5), (1, 6), (2, 0), (2, 1), (2, 3), (2, 4), (2, 5), (2, 6), (3, 1), (3, 2), (3, 7), (4, 1), (4, 2), (4, 7), (5, 1), (5, 2), (5, 7), (6, 1), (6, 2), (6, 7), (7, 3), (7, 4), (7, 5), (7, 6)] || VID:1 VID:2 VID:3 VID:5 VID:6 
                 0.0              -4.097                 0.0                 0.0              -8.498                 0.0                 0.0        ||Comp Host: [0, 2] ||Links: [(0, 1), (0, 2), (1, 0), (1, 2), (1, 3), (1, 4), (1, 5), (1, 6), (2, 0), (2, 1), (2, 3), (2, 4), (2, 5), (2, 6), (3, 1), (3, 2), (3, 7), (4, 1), (4, 2), (4, 7), (5, 1), (5, 2), (5, 7), (6, 1), (6, 2), (6, 7), (7, 3), (7, 4), (7, 5), (7, 6)] || VID:1 VID:2 VID:3 VID:5 
              -5.012               -3.84              -3.908                 0.0                 0.0                 0.0                 0.0        ||Comp Host: [0, 2, 6] ||Links: [(0, 1), (0, 2), (1, 0), (1, 2), (1, 3), (1, 4), (1, 5), (1, 6), (2, 0), (2, 1), (2, 3), (2, 4), (2, 5), (2, 6), (3, 1), (3, 2), (4, 1), (4, 2), (4, 7), (5, 1), (5, 2), (5, 7), (6, 1), (6, 2), (6, 7), (7, 3), (7, 4), (7, 5), (7, 6)] || VID:1 VID:2 VID:3 VID:5 VID:6 VID:7 
                 0.0              -4.229              -5.771                 0.0                 0.0                 0.0                 0.0        ||Comp Host: [0, 2] ||Links: [(0, 1), (0, 2), (1, 0), (1, 2), (1, 3), (1, 4), (1, 5), (1, 6), (2, 0), (2, 1), (2, 3), (2, 4), (2, 5), (2, 6), (3, 1), (3, 2), (4, 1), (4, 2), (4, 7), (5, 1), (5, 2), (5, 7), (6, 1), (6, 2), (6, 7), (7, 3), (7, 4), (7, 5), (7, 6)] || VID:1 VID:2 VID:3 VID:5 VID:7 
                 0.0              -1.479                 0.0                 0.0                 0.0                 0.0                 0.0        ||Comp Host: [0, 2, 6, 7] ||Links: [(0, 1), (0, 2), (1, 0), (1, 2), (1, 3), (1, 4), (1, 5), (1, 6), (2, 0), (2, 1), (2, 3), (2, 4), (2, 5), (2, 6), (3, 1), (3, 2), (3, 7), (4, 1), (4, 2), (4, 7), (5, 1), (5, 2), (5, 7), (6, 1), (6, 2), (6, 7), (7, 3), (7, 4), (7, 5), (7, 6)] || VID:1 VID:2 VID:3 VID:5 VID:6 VID:7 
                 0.0                 0.0                 0.0                 0.0                 0.0              -3.436              -4.946        ||Comp Host: [0] ||Links: [(1, 0), (1, 2), (1, 3), (1, 4), (1, 5), (1, 6), (2, 0), (2, 1), (2, 3), (2, 4), (2, 5), (2, 6), (3, 1), (3, 2), (4, 1), (4, 2), (4, 7), (5, 1), (5, 2), (5, 7), (6, 1), (6, 2), (6, 7), (7, 3), (7, 4), (7, 5), (7, 6)] || VID:1 VID:2 VID:3 VID:4 VID:5 VID:6 
                 0.0                 0.0                 0.0                 0.0              -8.528                 0.0              -4.926        ||Comp Host: [0] ||Links: [(1, 0), (1, 2), (1, 3), (1, 4), (1, 5), (1, 6), (2, 0), (2, 1), (2, 3), (2, 4), (2, 5), (2, 6), (3, 1), (3, 2), (3, 7), (4, 1), (4, 2), (4, 7), (5, 1), (5, 2), (5, 7), (6, 1), (6, 2), (6, 7), (7, 3), (7, 4), (7, 5), (7, 6)] || VID:1 VID:2 VID:3 VID:5 VID:6 
                 0.0                 0.0                 0.0                 0.0              -8.231              -3.412                 0.0        ||Comp Host: [0] ||Links: [(1, 0), (1, 2), (1, 3), (1, 4), (1, 5), (1, 6), (2, 0), (2, 1), (2, 3), (2, 4), (2, 5), (2, 6), (3, 1), (3, 2), (3, 7), (4, 1), (4, 2), (4, 7), (5, 1), (5, 2), (5, 7), (6, 1), (6, 2), (6, 7), (7, 3), (7, 4), (7, 5), (7, 6)] || VID:1 VID:2 VID:3 VID:4 VID:5 
              -5.682                 0.0                 0.0              -2.042                 0.0                 0.0               -6.15        ||Comp Host: [0] ||Links: [(0, 2), (1, 0), (1, 2), (1, 3), (1, 4), (1, 5), (1, 6), (2, 0), (2, 1), (2, 3), (2, 4), (2, 5), (2, 6), (3, 1), (3, 2), (4, 1), (4, 2), (4, 7), (5, 1), (5, 2), (5, 7), (6, 1), (6, 2), (6, 7), (7, 3), (7, 4), (7, 5), (7, 6)] || VID:1 VID:2 VID:3 VID:5 VID:6 
              -3.874                 0.0                 0.0              -1.978                 0.0              -4.392                 0.0        ||Comp Host: [0] ||Links: [(0, 2), (1, 0), (1, 2), (1, 3), (1, 4), (1, 5), (1, 6), (2, 0), (2, 1), (2, 3), (2, 4), (2, 5), (2, 6), (3, 1), (3, 2), (4, 1), (4, 2), (4, 7), (5, 1), (5, 2), (5, 7), (6, 1), (6, 2), (6, 7), (7, 3), (7, 4), (7, 5), (7, 6)] || VID:1 VID:2 VID:3 VID:4 VID:5 
              -2.001                 0.0                 0.0              -1.949               -9.24                 0.0                 0.0        ||Comp Host: [0] ||Links: [(0, 2), (1, 0), (1, 2), (1, 3), (1, 4), (1, 5), (1, 6), (2, 0), (2, 1), (2, 3), (2, 4), (2, 5), (2, 6), (3, 1), (3, 2), (3, 7), (4, 1), (4, 2), (4, 7), (5, 1), (5, 2), (5, 7), (6, 1), (6, 2), (6, 7), (7, 3), (7, 4), (7, 5), (7, 6)] || VID:1 VID:2 VID:3 VID:5 
                 0.0                 0.0              -5.686                 0.0                 0.0                 0.0              -4.909        ||Comp Host: [0] ||Links: [(1, 0), (1, 2), (1, 3), (1, 4), (1, 5), (1, 6), (2, 0), (2, 1), (2, 3), (2, 4), (2, 5), (2, 6), (3, 1), (3, 2), (4, 1), (4, 2), (4, 7), (5, 1), (5, 2), (5, 7), (6, 1), (6, 2), (6, 7), (7, 3), (7, 4), (7, 5), (7, 6)] || VID:1 VID:2 VID:3 VID:5 VID:6 VID:7 
                 0.0                 0.0              -5.833                 0.0                 0.0              -3.473                 0.0        ||Comp Host: [0] ||Links: [(1, 0), (1, 2), (1, 3), (1, 4), (1, 5), (1, 6), (2, 0), (2, 1), (2, 3), (2, 4), (2, 5), (2, 6), (3, 1), (3, 2), (4, 1), (4, 2), (4, 7), (5, 1), (5, 2), (5, 7), (6, 1), (6, 2), (6, 7), (7, 3), (7, 4), (7, 5), (7, 6)] || VID:1 VID:2 VID:3 VID:4 VID:5 VID:7 
                 0.0                 0.0              -5.865                 0.0              -8.602                 0.0                 0.0        ||Comp Host: [0] ||Links: [(1, 0), (1, 2), (1, 3), (1, 4), (1, 5), (1, 6), (2, 0), (2, 1), (2, 3), (2, 4), (2, 5), (2, 6), (3, 1), (3, 2), (3, 7), (4, 1), (4, 2), (4, 7), (5, 1), (5, 2), (5, 7), (6, 1), (6, 2), (6, 7), (7, 3), (7, 4), (7, 5), (7, 6)] || VID:1 VID:2 VID:3 VID:5 VID:7 
               -1.99                 0.0              -6.495              -1.978                 0.0                 0.0                 0.0        ||Comp Host: [0] ||Links: [(0, 2), (1, 0), (1, 2), (1, 3), (1, 4), (1, 5), (1, 6), (2, 0), (2, 1), (2, 3), (2, 4), (2, 5), (2, 6), (3, 1), (3, 2), (4, 1), (4, 2), (4, 7), (5, 1), (5, 2), (5, 7), (6, 1), (6, 2), (6, 7), (7, 3), (7, 4), (7, 5), (7, 6)] || VID:1 VID:2 VID:3 VID:5 VID:7 
                 0.0              -4.152                 0.0                 0.0                 0.0                 0.0              -4.845        ||Comp Host: [0] ||Links: [(0, 1), (1, 0), (1, 2), (1, 3), (1, 4), (1, 5), (1, 6), (2, 0), (2, 1), (2, 3), (2, 4), (2, 5), (2, 6), (3, 1), (3, 2), (4, 1), (4, 2), (4, 7), (5, 1), (5, 2), (5, 7), (6, 1), (6, 2), (6, 7), (7, 3), (7, 4), (7, 5), (7, 6)] || VID:1 VID:2 VID:3 VID:5 VID:6 
                 0.0              -4.192                 0.0                 0.0                 0.0              -3.392                 0.0        ||Comp Host: [0] ||Links: [(0, 1), (1, 0), (1, 2), (1, 3), (1, 4), (1, 5), (1, 6), (2, 0), (2, 1), (2, 3), (2, 4), (2, 5), (2, 6), (3, 1), (3, 2), (4, 1), (4, 2), (4, 7), (5, 1), (5, 2), (5, 7), (6, 1), (6, 2), (6, 7), (7, 3), (7, 4), (7, 5), (7, 6)] || VID:1 VID:2 VID:3 VID:4 VID:5 
                 0.0              -4.118                 0.0                 0.0              -8.427                 0.0                 0.0        ||Comp Host: [0] ||Links: [(0, 1), (1, 0), (1, 2), (1, 3), (1, 4), (1, 5), (1, 6), (2, 0), (2, 1), (2, 3), (2, 4), (2, 5), (2, 6), (3, 1), (3, 2), (3, 7), (4, 1), (4, 2), (4, 7), (5, 1), (5, 2), (5, 7), (6, 1), (6, 2), (6, 7), (7, 3), (7, 4), (7, 5), (7, 6)] || VID:1 VID:2 VID:3 VID:5 
               -1.75              -5.064                 0.0               -1.62                 0.0                 0.0                 0.0        ||Comp Host: [0] ||Links: [(0, 1), (0, 2), (1, 0), (1, 2), (1, 3), (1, 4), (1, 5), (1, 6), (2, 0), (2, 1), (2, 3), (2, 4), (2, 5), (2, 6), (3, 1), (3, 2), (4, 1), (4, 2), (4, 7), (5, 1), (5, 2), (5, 7), (6, 1), (6, 2), (6, 7), (7, 3), (7, 4), (7, 5), (7, 6)] || VID:1 VID:2 VID:3 VID:5 
                 0.0              -4.136              -5.815                 0.0                 0.0                 0.0                 0.0        ||Comp Host: [0] ||Links: [(0, 1), (1, 0), (1, 2), (1, 3), (1, 4), (1, 5), (1, 6), (2, 0), (2, 1), (2, 3), (2, 4), (2, 5), (2, 6), (3, 1), (3, 2), (4, 1), (4, 2), (4, 7), (5, 1), (5, 2), (5, 7), (6, 1), (6, 2), (6, 7), (7, 3), (7, 4), (7, 5), (7, 6)] || VID:1 VID:2 VID:3 VID:5 VID:7 
                 0.0                 0.0                 0.0                 0.0                 0.0                 0.0                 0.0        ||Comp Host: [0, 2, 4, 6, 7] ||Links: [(0, 2), (1, 0), (1, 2), (1, 3), (1, 4), (1, 5), (1, 6), (2, 0), (2, 1), (2, 3), (2, 4), (2, 5), (2, 6), (3, 1), (3, 2), (3, 7), (4, 1), (4, 2), (4, 7), (5, 1), (5, 2), (5, 7), (6, 1), (6, 2), (6, 7), (7, 3), (7, 4), (7, 5), (7, 6)] || VID:1 VID:2 VID:3 VID:4 VID:5 VID:6 VID:7 
                 0.0                 0.0                 0.0                 0.0              -6.038                 0.0                 0.0        ||Comp Host: [0, 2, 4, 6] ||Links: [(0, 2), (1, 0), (1, 2), (1, 3), (1, 4), (1, 5), (1, 6), (2, 0), (2, 1), (2, 3), (2, 4), (2, 5), (2, 6), (3, 1), (3, 2), (3, 7), (4, 1), (4, 2), (4, 7), (5, 1), (5, 2), (5, 7), (6, 1), (6, 2), (6, 7), (7, 3), (7, 4), (7, 5), (7, 6)] || VID:1 VID:2 VID:3 VID:4 VID:5 VID:6 
              -5.391                 0.0              -4.305                 0.0                 0.0                 0.0                 0.0        ||Comp Host: [0, 2, 4, 6] ||Links: [(0, 2), (1, 0), (1, 2), (1, 3), (1, 4), (1, 5), (1, 6), (2, 0), (2, 1), (2, 3), (2, 4), (2, 5), (2, 6), (3, 1), (3, 2), (4, 1), (4, 2), (4, 7), (5, 1), (5, 2), (5, 7), (6, 1), (6, 2), (6, 7), (7, 3), (7, 4), (7, 5), (7, 6)] || VID:1 VID:2 VID:3 VID:4 VID:5 VID:6 VID:7 
                 0.0              -2.015                 0.0                 0.0                 0.0                 0.0                 0.0        ||Comp Host: [0, 2, 4, 6] ||Links: [(0, 1), (0, 2), (1, 0), (1, 2), (1, 3), (1, 4), (1, 5), (1, 6), (2, 0), (2, 1), (2, 3), (2, 4), (2, 5), (2, 6), (3, 1), (3, 2), (4, 1), (4, 2), (4, 7), (5, 1), (5, 2), (5, 7), (6, 1), (6, 2), (6, 7), (7, 3), (7, 4), (7, 5), (7, 6)] || VID:1 VID:2 VID:3 VID:4 VID:5 VID:6 
                 0.0              -0.817                 0.0                 0.0                 0.0                 0.0                 0.0        ||Comp Host: [0, 2, 4, 6, 7] ||Links: [(0, 1), (0, 2), (1, 0), (1, 2), (1, 3), (1, 4), (1, 5), (1, 6), (2, 0), (2, 1), (2, 3), (2, 4), (2, 5), (2, 6), (3, 1), (3, 2), (4, 1), (4, 2), (4, 7), (5, 1), (5, 2), (5, 7), (6, 1), (6, 2), (6, 7), (7, 3), (7, 4), (7, 5), (7, 6)] || VID:1 VID:2 VID:3 VID:4 VID:5 VID:6 VID:7 
              -8.231                 0.0                 0.0                 0.0                 0.0                 0.0              -4.887        ||Comp Host: [0, 2, 4] ||Links: [(0, 2), (1, 0), (1, 2), (1, 3), (1, 4), (1, 5), (1, 6), (2, 0), (2, 1), (2, 3), (2, 4), (2, 5), (2, 6), (3, 1), (3, 2), (4, 1), (4, 2), (4, 7), (5, 1), (5, 2), (5, 7), (6, 1), (6, 2), (6, 7), (7, 3), (7, 4), (7, 5), (7, 6)] || VID:1 VID:2 VID:3 VID:4 VID:5 VID:6 
                 0.0                 0.0                 0.0                 0.0              -8.622                 0.0                 0.0        ||Comp Host: [0, 2, 4] ||Links: [(0, 2), (1, 0), (1, 2), (1, 3), (1, 4), (1, 5), (1, 6), (2, 0), (2, 1), (2, 3), (2, 4), (2, 5), (2, 6), (3, 1), (3, 2), (3, 7), (4, 1), (4, 2), (4, 7), (5, 1), (5, 2), (5, 7), (6, 1), (6, 2), (6, 7), (7, 3), (7, 4), (7, 5), (7, 6)] || VID:1 VID:2 VID:3 VID:4 VID:5 
              -7.933                 0.0              -5.948                 0.0                 0.0                 0.0                 0.0        ||Comp Host: [0, 2, 4] ||Links: [(0, 2), (1, 0), (1, 2), (1, 3), (1, 4), (1, 5), (1, 6), (2, 0), (2, 1), (2, 3), (2, 4), (2, 5), (2, 6), (3, 1), (3, 2), (4, 1), (4, 2), (4, 7), (5, 1), (5, 2), (5, 7), (6, 1), (6, 2), (6, 7), (7, 3), (7, 4), (7, 5), (7, 6)] || VID:1 VID:2 VID:3 VID:4 VID:5 VID:7 
                 0.0                 0.0                 0.0                 0.0                 0.0                 0.0                 0.0        ||Comp Host: [0, 2, 4, 7] ||Links: [(0, 2), (1, 0), (1, 2), (1, 3), (1, 4), (1, 5), (1, 6), (2, 0), (2, 1), (2, 3), (2, 4), (2, 5), (2, 6), (3, 1), (3, 2), (3, 7), (4, 1), (4, 2), (4, 7), (5, 1), (5, 2), (5, 7), (6, 1), (6, 2), (6, 7), (7, 3), (7, 4), (7, 5), (7, 6)] || VID:1 VID:2 VID:3 VID:4 VID:5 VID:7 
                 0.0              -4.075                 0.0                 0.0                 0.0                 0.0                 0.0        ||Comp Host: [0, 2, 4] ||Links: [(0, 1), (0, 2), (1, 0), (1, 2), (1, 3), (1, 4), (1, 5), (1, 6), (2, 0), (2, 1), (2, 3), (2, 4), (2, 5), (2, 6), (3, 1), (3, 2), (4, 1), (4, 2), (4, 7), (5, 1), (5, 2), (5, 7), (6, 1), (6, 2), (6, 7), (7, 3), (7, 4), (7, 5), (7, 6)] || VID:1 VID:2 VID:3 VID:4 VID:5 
                 0.0              -1.479                 0.0                 0.0                 0.0                 0.0                 0.0        ||Comp Host: [0, 2, 4, 7] ||Links: [(0, 1), (0, 2), (1, 0), (1, 2), (1, 3), (1, 4), (1, 5), (1, 6), (2, 0), (2, 1), (2, 3), (2, 4), (2, 5), (2, 6), (3, 1), (3, 2), (4, 1), (4, 2), (4, 7), (5, 1), (5, 2), (5, 7), (6, 1), (6, 2), (6, 7), (7, 3), (7, 4), (7, 5), (7, 6)] || VID:1 VID:2 VID:3 VID:4 VID:5 VID:7 
              -8.695                 0.0                 0.0                 0.0                 0.0                 0.0              -4.999        ||Comp Host: [0, 2] ||Links: [(0, 2), (1, 0), (1, 2), (1, 3), (1, 4), (1, 5), (1, 6), (2, 0), (2, 1), (2, 3), (2, 4), (2, 5), (2, 6), (3, 1), (3, 2), (4, 1), (4, 2), (4, 7), (5, 1), (5, 2), (5, 7), (6, 1), (6, 2), (6, 7), (7, 3), (7, 4), (7, 5), (7, 6)] || VID:1 VID:2 VID:3 VID:5 VID:6 
              -4.258                 0.0                 0.0                 0.0                 0.0               -3.49                 0.0        ||Comp Host: [0, 2] ||Links: [(0, 2), (1, 0), (1, 2), (1, 3), (1, 4), (1, 5), (1, 6), (2, 0), (2, 1), (2, 3), (2, 4), (2, 5), (2, 6), (3, 1), (3, 2), (4, 1), (4, 2), (4, 7), (5, 1), (5, 2), (5, 7), (6, 1), (6, 2), (6, 7), (7, 3), (7, 4), (7, 5), (7, 6)] || VID:1 VID:2 VID:3 VID:4 VID:5 
                 0.0                 0.0                 0.0                 0.0              -7.479                 0.0                 0.0        ||Comp Host: [0, 2, 6] ||Links: [(0, 2), (1, 0), (1, 2), (1, 3), (1, 4), (1, 5), (1, 6), (2, 0), (2, 1), (2, 3), (2, 4), (2, 5), (2, 6), (3, 1), (3, 2), (3, 7), (4, 1), (4, 2), (4, 7), (5, 1), (5, 2), (5, 7), (6, 1), (6, 2), (6, 7), (7, 3), (7, 4), (7, 5), (7, 6)] || VID:1 VID:2 VID:3 VID:5 VID:6 
                 0.0                 0.0                 0.0                 0.0              -8.792                 0.0                 0.0        ||Comp Host: [0, 2] ||Links: [(0, 2), (1, 0), (1, 2), (1, 3), (1, 4), (1, 5), (1, 6), (2, 0), (2, 1), (2, 3), (2, 4), (2, 5), (2, 6), (3, 1), (3, 2), (3, 7), (4, 1), (4, 2), (4, 7), (5, 1), (5, 2), (5, 7), (6, 1), (6, 2), (6, 7), (7, 3), (7, 4), (7, 5), (7, 6)] || VID:1 VID:2 VID:3 VID:5 
              -7.479                 0.0              -5.099                 0.0                 0.0                 0.0                 0.0        ||Comp Host: [0, 2, 6] ||Links: [(0, 2), (1, 0), (1, 2), (1, 3), (1, 4), (1, 5), (1, 6), (2, 0), (2, 1), (2, 3), (2, 4), (2, 5), (2, 6), (3, 1), (3, 2), (4, 1), (4, 2), (4, 7), (5, 1), (5, 2), (5, 7), (6, 1), (6, 2), (6, 7), (7, 3), (7, 4), (7, 5), (7, 6)] || VID:1 VID:2 VID:3 VID:5 VID:6 VID:7 
                 0.0                 0.0              -5.996                 0.0                 0.0                 0.0                 0.0        ||Comp Host: [0, 2] ||Links: [(0, 2), (1, 0), (1, 2), (1, 3), (1, 4), (1, 5), (1, 6), (2, 0), (2, 1), (2, 3), (2, 4), (2, 5), (2, 6), (3, 1), (3, 2), (4, 1), (4, 2), (4, 7), (5, 1), (5, 2), (5, 7), (6, 1), (6, 2), (6, 7), (7, 3), (7, 4), (7, 5), (7, 6)] || VID:1 VID:2 VID:3 VID:5 VID:7 
                 0.0                 0.0                 0.0                 0.0                 0.0                 0.0                 0.0        ||Comp Host: [0, 2, 6, 7] ||Links: [(0, 2), (1, 0), (1, 2), (1, 3), (1, 4), (1, 5), (1, 6), (2, 0), (2, 1), (2, 3), (2, 4), (2, 5), (2, 6), (3, 1), (3, 2), (3, 7), (4, 1), (4, 2), (4, 7), (5, 1), (5, 2), (5, 7), (6, 1), (6, 2), (6, 7), (7, 3), (7, 4), (7, 5), (7, 6)] || VID:1 VID:2 VID:3 VID:5 VID:6 VID:7 
                 0.0              -3.655                 0.0                 0.0                 0.0                 0.0                 0.0        ||Comp Host: [0, 2, 6] ||Links: [(0, 1), (0, 2), (1, 0), (1, 2), (1, 3), (1, 4), (1, 5), (1, 6), (2, 0), (2, 1), (2, 3), (2, 4), (2, 5), (2, 6), (3, 1), (3, 2), (4, 1), (4, 2), (4, 7), (5, 1), (5, 2), (5, 7), (6, 1), (6, 2), (6, 7), (7, 3), (7, 4), (7, 5), (7, 6)] || VID:1 VID:2 VID:3 VID:5 VID:6 
                 0.0              -4.292                 0.0                 0.0                 0.0                 0.0                 0.0        ||Comp Host: [0, 2] ||Links: [(0, 1), (0, 2), (1, 0), (1, 2), (1, 3), (1, 4), (1, 5), (1, 6), (2, 0), (2, 1), (2, 3), (2, 4), (2, 5), (2, 6), (3, 1), (3, 2), (4, 1), (4, 2), (4, 7), (5, 1), (5, 2), (5, 7), (6, 1), (6, 2), (6, 7), (7, 3), (7, 4), (7, 5), (7, 6)] || VID:1 VID:2 VID:3 VID:5 
                 0.0              -1.761                 0.0                 0.0                 0.0                 0.0                 0.0        ||Comp Host: [0, 2, 6, 7] ||Links: [(0, 1), (0, 2), (1, 0), (1, 2), (1, 3), (1, 4), (1, 5), (1, 6), (2, 0), (2, 1), (2, 3), (2, 4), (2, 5), (2, 6), (3, 1), (3, 2), (4, 1), (4, 2), (4, 7), (5, 1), (5, 2), (5, 7), (6, 1), (6, 2), (6, 7), (7, 3), (7, 4), (7, 5), (7, 6)] || VID:1 VID:2 VID:3 VID:5 VID:6 VID:7 
                 0.0                 0.0                 0.0                 0.0                 0.0                 0.0              -4.995        ||Comp Host: [0] ||Links: [(1, 0), (1, 2), (1, 3), (1, 4), (1, 5), (1, 6), (2, 0), (2, 1), (2, 3), (2, 4), (2, 5), (2, 6), (3, 1), (3, 2), (4, 1), (4, 2), (4, 7), (5, 1), (5, 2), (5, 7), (6, 1), (6, 2), (6, 7), (7, 3), (7, 4), (7, 5), (7, 6)] || VID:1 VID:2 VID:3 VID:5 VID:6 
                 0.0                 0.0                 0.0                 0.0                 0.0              -3.498                 0.0        ||Comp Host: [0] ||Links: [(1, 0), (1, 2), (1, 3), (1, 4), (1, 5), (1, 6), (2, 0), (2, 1), (2, 3), (2, 4), (2, 5), (2, 6), (3, 1), (3, 2), (4, 1), (4, 2), (4, 7), (5, 1), (5, 2), (5, 7), (6, 1), (6, 2), (6, 7), (7, 3), (7, 4), (7, 5), (7, 6)] || VID:1 VID:2 VID:3 VID:4 VID:5 
                 0.0                 0.0                 0.0                 0.0              -8.794                 0.0                 0.0        ||Comp Host: [0] ||Links: [(1, 0), (1, 2), (1, 3), (1, 4), (1, 5), (1, 6), (2, 0), (2, 1), (2, 3), (2, 4), (2, 5), (2, 6), (3, 1), (3, 2), (3, 7), (4, 1), (4, 2), (4, 7), (5, 1), (5, 2), (5, 7), (6, 1), (6, 2), (6, 7), (7, 3), (7, 4), (7, 5), (7, 6)] || VID:1 VID:2 VID:3 VID:5 
              -2.088                 0.0                 0.0              -2.087                 0.0                 0.0                 0.0        ||Comp Host: [0] ||Links: [(0, 2), (1, 0), (1, 2), (1, 3), (1, 4), (1, 5), (1, 6), (2, 0), (2, 1), (2, 3), (2, 4), (2, 5), (2, 6), (3, 1), (3, 2), (4, 1), (4, 2), (4, 7), (5, 1), (5, 2), (5, 7), (6, 1), (6, 2), (6, 7), (7, 3), (7, 4), (7, 5), (7, 6)] || VID:1 VID:2 VID:3 VID:5 
                 0.0                 0.0              -5.998                 0.0                 0.0                 0.0                 0.0        ||Comp Host: [0] ||Links: [(1, 0), (1, 2), (1, 3), (1, 4), (1, 5), (1, 6), (2, 0), (2, 1), (2, 3), (2, 4), (2, 5), (2, 6), (3, 1), (3, 2), (4, 1), (4, 2), (4, 7), (5, 1), (5, 2), (5, 7), (6, 1), (6, 2), (6, 7), (7, 3), (7, 4), (7, 5), (7, 6)] || VID:1 VID:2 VID:3 VID:5 VID:7 
                 0.0              -4.293                 0.0                 0.0                 0.0                 0.0                 0.0        ||Comp Host: [0] ||Links: [(0, 1), (1, 0), (1, 2), (1, 3), (1, 4), (1, 5), (1, 6), (2, 0), (2, 1), (2, 3), (2, 4), (2, 5), (2, 6), (3, 1), (3, 2), (4, 1), (4, 2), (4, 7), (5, 1), (5, 2), (5, 7), (6, 1), (6, 2), (6, 7), (7, 3), (7, 4), (7, 5), (7, 6)] || VID:1 VID:2 VID:3 VID:5 
                 0.0                 0.0                 0.0                 0.0                 0.0                 0.0                 0.0        ||Comp Host: [0, 2, 4, 6] ||Links: [(0, 2), (1, 0), (1, 2), (1, 3), (1, 4), (1, 5), (1, 6), (2, 0), (2, 1), (2, 3), (2, 4), (2, 5), (2, 6), (3, 1), (3, 2), (4, 1), (4, 2), (4, 7), (5, 1), (5, 2), (5, 7), (6, 1), (6, 2), (6, 7), (7, 3), (7, 4), (7, 5), (7, 6)] || VID:1 VID:2 VID:3 VID:4 VID:5 VID:6 
                 0.0                 0.0                 0.0                 0.0                 0.0                 0.0                 0.0        ||Comp Host: [0, 2, 4, 6, 7] ||Links: [(0, 2), (1, 0), (1, 2), (1, 3), (1, 4), (1, 5), (1, 6), (2, 0), (2, 1), (2, 3), (2, 4), (2, 5), (2, 6), (3, 1), (3, 2), (4, 1), (4, 2), (4, 7), (5, 1), (5, 2), (5, 7), (6, 1), (6, 2), (6, 7), (7, 3), (7, 4), (7, 5), (7, 6)] || VID:1 VID:2 VID:3 VID:4 VID:5 VID:6 VID:7 
                 0.0                 0.0                 0.0                 0.0                 0.0                 0.0                 0.0        ||Comp Host: [0, 2, 4] ||Links: [(0, 2), (1, 0), (1, 2), (1, 3), (1, 4), (1, 5), (1, 6), (2, 0), (2, 1), (2, 3), (2, 4), (2, 5), (2, 6), (3, 1), (3, 2), (4, 1), (4, 2), (4, 7), (5, 1), (5, 2), (5, 7), (6, 1), (6, 2), (6, 7), (7, 3), (7, 4), (7, 5), (7, 6)] || VID:1 VID:2 VID:3 VID:4 VID:5 
                 0.0                 0.0                 0.0                 0.0                 0.0                 0.0                 0.0        ||Comp Host: [0, 2, 4, 7] ||Links: [(0, 2), (1, 0), (1, 2), (1, 3), (1, 4), (1, 5), (1, 6), (2, 0), (2, 1), (2, 3), (2, 4), (2, 5), (2, 6), (3, 1), (3, 2), (4, 1), (4, 2), (4, 7), (5, 1), (5, 2), (5, 7), (6, 1), (6, 2), (6, 7), (7, 3), (7, 4), (7, 5), (7, 6)] || VID:1 VID:2 VID:3 VID:4 VID:5 VID:7 
                 0.0                 0.0                 0.0                 0.0                 0.0                 0.0                 0.0        ||Comp Host: [0, 2, 6] ||Links: [(0, 2), (1, 0), (1, 2), (1, 3), (1, 4), (1, 5), (1, 6), (2, 0), (2, 1), (2, 3), (2, 4), (2, 5), (2, 6), (3, 1), (3, 2), (4, 1), (4, 2), (4, 7), (5, 1), (5, 2), (5, 7), (6, 1), (6, 2), (6, 7), (7, 3), (7, 4), (7, 5), (7, 6)] || VID:1 VID:2 VID:3 VID:5 VID:6 
                 0.0                 0.0                 0.0                 0.0                 0.0                 0.0                 0.0        ||Comp Host: [0, 2] ||Links: [(0, 2), (1, 0), (1, 2), (1, 3), (1, 4), (1, 5), (1, 6), (2, 0), (2, 1), (2, 3), (2, 4), (2, 5), (2, 6), (3, 1), (3, 2), (4, 1), (4, 2), (4, 7), (5, 1), (5, 2), (5, 7), (6, 1), (6, 2), (6, 7), (7, 3), (7, 4), (7, 5), (7, 6)] || VID:1 VID:2 VID:3 VID:5 
                 0.0                 0.0                 0.0                 0.0                 0.0                 0.0                 0.0        ||Comp Host: [0, 2, 6, 7] ||Links: [(0, 2), (1, 0), (1, 2), (1, 3), (1, 4), (1, 5), (1, 6), (2, 0), (2, 1), (2, 3), (2, 4), (2, 5), (2, 6), (3, 1), (3, 2), (4, 1), (4, 2), (4, 7), (5, 1), (5, 2), (5, 7), (6, 1), (6, 2), (6, 7), (7, 3), (7, 4), (7, 5), (7, 6)] || VID:1 VID:2 VID:3 VID:5 VID:6 VID:7 
                 0.0                 0.0                 0.0                 0.0                 0.0                 0.0                 0.0        ||Comp Host: [0] ||Links: [(1, 0), (1, 2), (1, 3), (1, 4), (1, 5), (1, 6), (2, 0), (2, 1), (2, 3), (2, 4), (2, 5), (2, 6), (3, 1), (3, 2), (4, 1), (4, 2), (4, 7), (5, 1), (5, 2), (5, 7), (6, 1), (6, 2), (6, 7), (7, 3), (7, 4), (7, 5), (7, 6)] || VID:1 VID:2 VID:3 VID:5 
